% time     seconds  usecs/call     calls    errors syscall
------ ----------- ----------- --------- --------- ----------------
 98,65    0,018271        9135         2           wait4
  0,84    0,000155          51         3           clone
  0,11    0,000021          21         1           unlink
  0,08    0,000015           1        12         7 openat
  0,08    0,000014           2         6           close
  0,06    0,000012          12         1           rmdir
  0,04    0,000008           4         2           dup2
  0,03    0,000006           2         3           sendmsg
  0,03    0,000005           1         3           poll
  0,03    0,000005           1         3           recvmsg
  0,02    0,000003           0         4           read
  0,02    0,000003           1         2           rt_sigaction
  0,02    0,000003           3         1           chdir
  0,00    0,000000           0        15           mmap
  0,00    0,000000           0         5           mprotect
  0,00    0,000000           0         3           brk
  0,00    0,000000           0         2           pread64
  0,00    0,000000           0         1         1 access
  0,00    0,000000           0         1           socket
  0,00    0,000000           0         1           connect
  0,00    0,000000           0         1           execve
  0,00    0,000000           0         1           mkdir
  0,00    0,000000           0         8         5 readlink
  0,00    0,000000           0         2         1 arch_prctl
  0,00    0,000000           0         1           set_tid_address
  0,00    0,000000           0         9         6 newfstatat
  0,00    0,000000           0         1           set_robust_list
  0,00    0,000000           0         1           pipe2
  0,00    0,000000           0         1           prlimit64
  0,00    0,000000           0         1           getrandom
  0,00    0,000000           0         1           rseq
------ ----------- ----------- --------- --------- ----------------
100,00    0,018521         188        98        20 total
